1 14 25 21 29 18 5 9 13 26 22 30 17 6 10 2 15 7 20 28 24 11 3 16 8 19 27 23 12 4 
2 13 26 22 30 17 6 10 18 5 9 1 14 25 21 29 16 3 7 20 28 24 11 15 19 27 23 12 4 8 
3 7 20 28 24 11 15 2 13 26 22 30 17 6 10 23 12 4 8 19 27 16 29 21 25 14 1 9 5 18 
4 12 23 27 19 8 21 25 14 1 9 13 26 22 30 17 6 10 2 15 7 20 28 24 11 3 16 29 18 5 
5 18 29 21 25 14 1 9 13 26 22 30 17 6 10 2 15 7 20 28 24 11 3 16 8 19 27 23 12 4 
6 10 2 13 26 22 30 17 4 12 23 27 19 8 21 25 14 1 9 5 18 29 16 3 7 20 28 15 11 24 
7 20 28 24 11 3 14 1 9 5 18 29 16 12 4 8 19 27 23 15 2 13 26 22 30 17 6 10 21 25 
8 19 27 23 12 4 15 2 13 26 22 30 17 6 10 18 5 9 1 14 25 21 29 16 3 7 20 28 24 11 
9 1 14 25 21 29 18 5 16 3 7 20 28 24 11 22 30 17 6 10 2 13 26 15 19 27 23 12 4 8 
10 6 17 30 22 26 13 2 15 7 20 28 24 11 3 16 29 18 5 9 1 14 25 21 8 19 27 23 12 4 
11 24 28 20 7 3 14 1 9 5 18 29 16 12 4 8 19 27 23 15 2 13 26 22 30 17 6 10 21 25 
12 4 8 19 27 23 10 6 17 30 22 26 13 2 15 7 20 28 24 11 3 16 29 21 25 14 1 9 5 18 
13 26 22 30 17 6 10 2 15 7 20 28 24 11 3 16 29 18 5 9 1 14 25 21 8 19 27 23 12 4 
14 1 9 5 18 29 16 3 7 20 28 24 11 22 30 17 6 10 2 13 26 15 19 27 23 12 4 8 21 25 
15 2 13 26 22 30 17 6 10 23 12 4 8 19 27 16 5 18 29 21 25 14 1 9 20 7 3 11 24 28 
16 29 18 5 9 1 14 25 21 8 19 27 23 12 4 15 26 13 2 10 6 17 30 22 11 3 7 20 28 24 
17 6 10 2 13 26 15 19 27 23 12 4 8 21 25 14 1 9 5 18 29 16 3 7 20 28 24 11 22 30 
18 5 9 1 14 25 21 29 16 3 7 20 28 24 11 22 30 17 6 10 2 13 26 15 19 27 23 12 4 8 
19 27 23 12 4 8 21 25 14 1 9 13 26 22 30 17 6 10 2 15 7 20 28 24 11 3 16 29 18 5 
20 7 3 11 24 28 15 2 13 26 22 30 17 6 10 23 12 4 8 19 27 16 29 21 25 14 1 9 5 18 
21 25 14 1 9 5 18 29 16 3 7 20 28 24 11 22 30 17 6 10 2 13 26 15 19 27 23 12 4 8 
22 30 17 6 10 2 13 26 15 7 20 28 24 11 3 16 29 18 5 9 1 14 25 21 8 19 27 23 12 4 
23 12 4 8 19 27 14 1 9 5 18 29 16 3 7 20 28 24 11 15 2 13 26 22 30 17 6 10 21 25 
24 11 3 7 20 28 15 2 13 26 22 30 17 6 10 23 12 4 8 19 27 16 29 21 25 14 1 9 5 18 
25 21 29 18 5 9 1 14 27 19 8 4 12 23 10 6 17 30 22 26 13 2 15 7 20 28 24 11 3 16 
26 13 2 10 6 17 30 22 18 5 9 1 14 25 21 29 16 3 7 20 28 24 11 15 19 27 23 12 4 8 
27 19 8 4 12 23 10 6 17 30 22 26 13 2 15 7 20 28 24 11 3 16 29 21 25 14 1 9 5 18 
28 24 11 3 7 20 16 12 4 8 19 27 23 15 2 13 26 22 30 17 6 10 14 1 9 5 18 29 21 25 
29 18 5 9 1 14 25 21 13 26 22 30 17 6 10 2 15 7 20 28 24 11 3 16 8 19 27 23 12 4 
30 17 6 10 2 13 26 22 18 5 9 1 14 25 21 29 16 3 7 20 28 24 11 15 19 27 23 12 4 8 
