1 9 5 18 29 21 25 14 3 7 20 28 24 11 22 30 17 6 10 2 13 26 15 4 12 23 27 19 8 16 
2 13 26 22 30 17 6 10 18 5 9 1 14 25 21 29 16 8 4 12 23 27 19 15 7 3 11 24 28 20 
3 7 20 28 24 11 22 30 17 6 10 2 13 26 15 4 12 23 27 19 8 16 5 18 29 21 25 14 1 9 
4 12 23 27 19 8 16 29 18 5 9 1 14 25 21 13 2 10 6 17 30 22 26 15 7 3 11 24 28 20 
5 18 29 21 25 14 1 9 13 2 10 6 17 30 22 26 15 7 3 11 24 28 20 16 8 4 12 23 27 19 
6 17 30 22 26 13 2 10 18 5 9 1 14 25 21 29 16 8 4 12 23 27 19 15 7 3 11 24 28 20 
7 3 11 24 28 20 9 1 14 25 21 13 2 10 6 17 30 22 26 15 4 12 23 27 19 8 16 5 18 29 
8 19 27 23 12 4 17 30 22 26 13 2 15 7 3 11 24 28 20 9 1 14 25 21 29 16 5 18 10 6 
9 1 14 25 21 29 18 5 16 8 19 27 23 12 4 15 26 13 2 10 6 17 30 22 11 3 7 20 28 24 
10 6 17 30 22 26 13 2 15 7 3 11 24 28 20 9 1 14 25 21 29 18 5 16 8 4 12 23 27 19 
11 24 28 20 7 3 16 29 18 5 9 1 14 25 21 13 2 10 6 17 30 22 26 15 4 12 23 27 19 8 
12 4 8 19 27 23 15 7 3 11 24 28 20 16 5 18 29 21 25 14 1 9 17 6 10 2 13 26 22 30 
13 2 10 6 17 30 22 26 15 7 3 11 24 28 20 9 1 14 25 21 29 18 5 16 8 4 12 23 27 19 
14 1 9 5 18 29 16 3 7 20 28 24 11 22 30 17 6 10 2 13 26 15 4 12 23 27 19 8 21 25 
15 7 3 11 24 28 20 9 1 14 25 21 29 18 5 16 8 19 27 23 12 4 17 6 10 2 13 26 22 30 
16 24 11 3 7 20 28 15 2 13 26 22 30 17 6 10 23 12 4 8 19 27 14 1 9 5 18 29 21 25 
17 6 10 2 13 26 15 4 12 23 27 19 8 21 25 14 1 9 5 18 29 16 3 7 20 28 24 11 22 30 
18 29 21 25 14 1 9 5 16 8 19 27 23 12 4 15 26 13 2 10 6 17 30 22 11 3 7 20 28 24 
19 8 4 12 23 27 14 1 9 5 18 29 16 3 7 20 28 24 11 22 30 17 6 10 2 15 26 13 21 25 
20 7 3 11 24 28 15 2 13 26 22 30 17 6 10 18 5 9 1 14 25 21 29 16 8 4 12 23 27 19 
21 25 14 1 9 5 18 29 16 8 19 27 23 12 4 15 26 13 2 10 6 17 30 22 11 3 7 20 28 24 
22 30 17 6 10 2 13 26 15 7 3 11 24 28 20 9 1 14 25 21 29 18 5 16 8 4 12 23 27 19 
23 12 4 8 19 27 14 1 9 5 18 29 16 3 7 20 28 24 11 22 30 17 6 10 2 15 26 13 21 25 
24 28 20 7 3 11 22 30 17 6 10 2 13 26 15 4 12 23 27 19 8 16 5 18 29 21 25 14 1 9 
25 14 1 9 5 18 29 21 13 2 10 6 17 30 22 26 15 7 3 11 24 28 20 16 8 4 12 23 27 19 
26 13 2 10 6 17 30 22 18 5 9 1 14 25 21 29 16 8 4 12 23 27 19 15 7 3 11 24 28 20 
27 19 8 4 12 23 15 7 3 11 24 28 20 16 5 18 29 21 25 14 1 9 17 6 10 2 13 26 22 30 
28 24 11 3 7 20 9 1 14 25 21 13 2 10 6 17 30 22 26 15 4 12 23 27 19 8 16 5 18 29 
29 18 5 9 1 14 25 21 13 2 10 6 17 30 22 26 15 7 3 11 24 28 20 16 8 4 12 23 27 19 
30 22 26 13 2 10 6 17 9 1 14 25 21 29 18 5 16 8 4 12 23 27 19 15 7 3 11 24 28 20 
