1 14 25 21 29 18 22 26 13 2 15 28 24 11 3 7 20 9 5 16 27 19 8 4 12 23 10 6 17 30
2 13 26 22 30 17 6 10 14 25 21 29 18 5 16 27 23 12 4 8 19 15 28 24 11 3 7 20 9 1
3 7 20 28 24 11 15 19 27 23 12 16 29 18 5 9 1 14 25 21 8 4 17 30 22 26 13 2 10 6
4 8 19 27 23 12 16 20 28 24 11 22 30 17 6 10 2 13 26 15 7 3 14 25 21 29 18 5 9 1
5 9 1 14 25 21 29 18 22 26 13 2 15 28 24 11 3 7 20 16 27 19 8 4 12 23 10 6 17 30
6 10 14 25 21 29 18 5 16 27 23 12 4 8 19 15 2 13 26 22 30 17 28 24 11 3 7 20 9 1
7 20 28 24 11 15 2 13 26 22 30 17 6 10 23 27 19 8 4 12 16 3 14 25 21 29 18 5 9 1
8 19 27 23 12 16 5 18 29 21 25 14 1 9 20 28 24 11 3 7 15 4 17 30 22 26 13 2 10 6
9 20 28 24 11 3 7 15 2 13 26 22 30 17 6 10 23 27 19 8 4 12 16 5 18 29 21 25 14 1
10 23 27 19 8 4 12 16 5 18 29 21 25 14 1 9 20 28 24 11 3 7 15 2 13 26 22 30 17 6
11 15 2 13 26 22 30 17 6 10 23 27 19 8 4 12 16 24 28 20 7 3 14 25 21 29 18 5 9 1
12 16 5 18 29 21 25 14 1 9 20 28 24 11 3 7 15 23 27 19 8 4 17 30 22 26 13 2 10 6
13 26 22 30 17 28 24 11 3 7 20 16 29 18 5 9 1 14 25 21 8 19 27 23 12 4 15 2 10 6
14 25 21 29 18 5 16 27 19 8 4 12 23 10 6 17 30 22 26 13 2 15 28 24 11 3 7 20 9 1
15 19 27 23 12 4 8 21 25 14 1 9 5 18 29 16 20 7 3 11 24 28 17 30 22 26 13 2 10 6
16 20 28 24 11 3 7 15 2 13 26 22 30 17 6 10 23 12 4 8 19 27 14 25 21 29 18 5 9 1
17 30 22 26 13 2 15 28 24 11 3 7 20 9 1 14 25 21 29 18 5 16 27 19 8 4 12 23 10 6
18 29 16 24 28 20 7 3 11 22 30 17 6 10 2 13 26 15 19 27 23 12 4 8 21 25 14 1 9 5
19 27 23 12 16 29 18 5 9 1 14 25 21 8 4 15 26 13 2 10 6 17 30 22 11 24 28 20 7 3
20 28 24 11 15 7 3 16 29 18 5 9 1 14 25 21 8 19 27 23 12 4 17 30 22 26 13 2 10 6
21 25 14 27 23 12 4 8 19 15 26 13 2 10 6 17 30 22 11 24 28 20 7 3 16 29 18 5 9 1
22 26 13 2 15 28 24 11 3 7 20 9 1 14 25 21 29 18 5 16 27 19 8 4 12 23 10 6 17 30
23 27 16 12 4 8 19 15 26 13 2 10 6 17 30 22 11 24 28 20 7 3 14 25 21 29 18 5 9 1
24 28 17 30 22 26 13 2 15 11 3 7 20 9 1 14 25 21 29 18 5 16 27 19 8 4 12 23 10 6
25 21 29 18 22 26 13 2 15 28 24 11 3 7 20 16 5 9 1 14 27 19 8 4 12 23 10 6 17 30
26 22 30 17 6 10 23 27 19 8 4 12 16 20 28 24 11 3 7 15 2 13 21 25 14 1 9 5 18 29
27 23 12 16 5 18 29 21 25 14 1 9 20 28 24 11 3 7 15 19 8 4 17 30 22 26 13 2 10 6
28 24 11 15 2 13 26 22 30 17 6 10 23 27 19 8 4 12 16 20 7 3 14 25 21 29 18 5 9 1
29 18 22 30 17 28 24 11 3 7 20 16 5 9 1 14 25 21 8 19 27 23 12 4 15 26 13 2 10 6
30 17 6 10 14 25 21 8 19 27 23 12 4 15 2 13 26 22 11 24 28 20 7 3 16 29 18 5 9 1
